date,rstar_q05,rstar_med,rstar_q95,nairu_q05,nairu_med,nairu_q95,taustar_q05,taustar_med,taustar_q95,gap_q05,gap_med,gap_q95,trend_inflation_q05,trend_inflation_med,trend_inflation_q95
01/07/1974,-3.60462477480009,0.333035463123111,4.21318677371224,4.10074502442556,6.06649402153422,7.84291792437701,1183.00817905006,1185.5300413429,1188.28702240953,-3.56718202116151,-0.944477060185047,1.47636764588635,6.70401261834923,8.8365828704404,10.850973152444
01/10/1974,-3.46927366721433,0.42626752228926,4.21649691133522,4.13696908630615,6.09349657859905,7.83098674940349,1182.84177969341,1185.91978997002,1189.11465745224,-4.84998430499602,-1.51927854694662,1.6511741928956,6.73918787672639,8.85208977571383,10.833936057286
01/01/1975,-3.34827608744605,0.407301725049503,4.14023873247496,4.16316413806233,6.12487158309708,7.8526699616181,1182.05844406439,1185.35510235933,1188.47713274268,-5.94716558574178,-2.70074155222452,0.580940830129564,6.80058231975533,8.85557319135225,10.7903429489961
01/04/1975,-3.27546391973224,0.367543281767499,4.31419944552626,4.22673343563947,6.14574991830021,7.94251814708004,1182.80559322374,1185.76858803502,1188.87244502441,-6.09133109385593,-2.8957395365256,0.18217427944424,6.84537538004587,8.79048577875764,10.8529357725432
01/07/1975,-3.08458917721335,0.382008901992473,4.20545964824788,4.17529173653253,6.1546605708308,7.92409083919542,1183.52843470535,1186.57415817478,1189.70537916936,-5.54941047245314,-2.3383573791278,0.60833730297207,6.84171354308194,8.80611028417679,10.82409304125
01/10/1975,-3.15297710567967,0.460815209854371,4.01212412839186,4.1743770860748,6.18950509593522,7.89948164723526,1184.39582691288,1187.17171429253,1190.22359131446,-5.09154359011438,-1.96150003321187,0.788771218700827,6.84523913532488,8.81180742667864,10.7505580509848
01/01/1976,-2.92254460515546,0.544494673208244,3.89317523075132,4.18662392064169,6.2209674320895,7.92526916239306,1184.165097068,1187.00505605977,1189.93641148647,-5.00964771861323,-2.0778698429874,0.619753472356305,6.85080141605498,8.78169327447428,10.6522276121781
01/04/1976,-2.91220516415855,0.624107783348315,4.04016967175918,4.21999736479702,6.21074372847053,7.92668715091584,1185.39883267129,1187.96171577472,1190.97394782688,-4.49124548170967,-1.52700586696884,1.12047223918377,6.77996455059313,8.76601957712838,10.6349942995292
01/07/1976,-2.90452398156936,0.708325074448318,4.05460835405181,4.17059658049739,6.14876252371486,7.89828797601665,1186.37182371956,1188.91103785525,1191.86427815823,-3.88950452044799,-0.898960178626325,1.63136963288173,6.87551859631055,8.74355069274164,10.6250834280025
01/10/1976,-2.88800326652868,0.701899903796756,4.02419209261831,4.23006074801791,6.18152929697378,7.83831063539764,1186.97860911561,1189.34283436381,1192.24059276185,-3.61024105078723,-0.660280451694813,1.76229528497812,6.85301598837102,8.78592528222004,10.667068633778
01/01/1977,-2.65999145951943,0.698259909744236,4.15715861164725,4.3035404369315,6.19811458308609,7.87062050430804,1187.15911258125,1189.67827525774,1192.44351838431,-3.55548590611787,-0.746353476077009,1.81002554821297,6.94024353121284,8.75391006259058,10.6065070763954
01/04/1977,-2.6660133304453,0.700020912779153,4.11822409870295,4.28661197324595,6.1995632061734,7.8037048358922,1187.78535543514,1190.14693861968,1192.9649758216,-3.33741590315654,-0.796524938066328,1.5024947673799,6.96092607280409,8.7424989003531,10.5012252053176
01/07/1977,-2.64551774017146,0.792630713346343,4.13060536035794,4.43434292061633,6.20172180598152,7.83950176609484,1188.28734092436,1190.4339167675,1192.97121400818,-3.45630550800933,-0.98300719498866,1.27950858864725,6.99155743166356,8.72043897492726,10.5607810886886
01/10/1977,-2.61414155571798,0.868536211014621,4.05717509728014,4.44297747864657,6.19301261655153,7.91476423248684,1188.40123687208,1190.50219003877,1193.11346410639,-3.81134290845335,-1.15085847152809,0.830952896502891,7.02711358134071,8.7270301841826,10.5064081114431
01/01/1978,-2.42664660192114,0.904319613932181,4.02022280665398,4.45974642996912,6.23463079354202,7.87279565353107,1189.08361342526,1191.05243962906,1193.52583332637,-3.45201607113839,-0.925979473070452,1.00909370872125,7.03071029165109,8.75336436850174,10.4479706304474
01/04/1978,-2.39906720261371,0.992339163024516,4.03228135180443,4.3002531262469,6.11194731280626,7.63988007946629,1190.2410202171,1192.18992901051,1194.60198222266,-2.78893576674155,-0.370219079758334,1.51103256210572,7.0628719120779,8.75341796153049,10.4131645738483
01/07/1978,-2.285614168194,1.03005972172035,4.17987788451729,4.44463419768357,6.18800830027016,7.67856720922438,1191.12263419695,1193.10303570664,1195.40927816135,-2.46475870923004,-0.19715176752972,1.69351692196039,7.14732722080123,8.7114306510279,10.29307828817
01/10/1978,-2.2151564451762,1.05998181301855,4.225894714256,4.46425137251432,6.18282650031228,7.61526270038329,1192.16389626328,1194.20268455727,1196.47071364846,-2.29015237013862,-0.10297514034662,1.93298403366639,7.12218740509398,8.71488422388083,10.3231634408405
01/01/1979,-2.26465803393584,1.0701617483009,4.41659309485091,4.49542857766429,6.23744330007938,7.69631649654124,1192.96436634441,1194.97564222929,1197.10194142771,-2.30366399407986,-0.0626015443370057,1.87568275160345,7.22086153894794,8.74032554099488,10.2906407024403
01/04/1979,-2.20389961589296,1.06136489895406,4.40513673424194,4.62357356983955,6.31452759001063,7.81248559390292,1193.74495986471,1195.61377815442,1197.78814784469,-1.72965607678513,0.402252445190635,2.25021681701298,7.23475169458592,8.6952851842295,10.1812265616385
01/07/1979,-2.40479790505142,1.18895178622405,4.16870903926904,4.63381948111971,6.33105616863159,7.80518199637922,1194.38760357307,1196.30246054357,1198.50607023273,-1.82913149383809,0.309459921843597,2.29309449921921,7.19785077775919,8.6792328507173,10.1074174479254
01/10/1979,-2.19060457394705,1.06368296552625,4.015439543341,4.72360702300759,6.3943757726436,7.80866565790025,1195.39898766113,1197.36261322195,1199.61523389516,-1.64427245777975,0.528975537675417,2.45910279206297,7.2713950618238,8.63153576210809,10.1115382680548
01/01/1980,-2.16915282164438,1.11328723673947,4.09580885125473,4.70063888672754,6.32988575174208,7.70832227055591,1195.54657730768,1197.46499135599,1199.70356559701,-1.82951563763126,0.342120852528174,2.23013338912857,7.30532093154772,8.65718068842894,10.0227385445807
01/04/1980,-2.20098073773599,1.15497387789069,4.13868806900945,4.79514998875267,6.42072240263331,7.79654530442198,1196.02116584508,1197.83628915096,1200.04688380179,-1.98251140905911,0.161272591500104,2.05116422289724,7.32168298995566,8.66649385253116,10.0262904728548
01/07/1980,-2.03570077486587,1.11269359161883,4.21271550100747,4.73529324532337,6.39887088361275,7.76987768017894,1197.27820071455,1199.19855064359,1201.44290395753,-1.65772292192941,0.480321727912628,2.33400122646437,7.43206010656852,8.67440749132443,9.98759686629085
01/10/1980,-2.08870580741957,1.19630086095694,4.14582306918372,4.82539734160241,6.40732424687527,7.80129460154668,1198.36718146665,1200.44413963738,1202.43822904581,-0.977111950795933,0.969350422121722,2.86769921362593,7.40531590909817,8.66392181695198,9.99768834005486
01/01/1981,-1.91307990254314,1.2550058199709,4.17490469569297,4.76593917726675,6.36399923422533,7.73347969291154,1199.05562495046,1200.90350148968,1202.91749106339,-1.03752011165202,1.03098531522653,2.9260800081559,7.48550134712707,8.65575062743703,10.0043777030439
01/04/1981,-1.94424509949315,1.29141207028949,4.26592864110875,4.68467661986251,6.27769963016718,7.70771339023263,1199.69277125179,1201.50606290422,1203.62787225503,-1.12310347637685,0.974161264954442,2.76127946972186,7.46157632695519,8.67704778603172,9.8950800995107
01/07/1981,-1.84318895786406,1.23651911957414,4.24812820696097,4.90226413589455,6.45916189810684,7.70582328475219,1201.27802523763,1203.05433888597,1205.0496897077,-1.35953809539396,0.569719787424544,2.27903238581479,7.50067691352967,8.66345526502542,9.88920948322303
01/10/1981,-1.89012053177314,1.20375451704463,4.21650782620482,4.98582355086559,6.45620042901171,7.70815284485674,1202.36274556504,1204.24666024869,1206.23614149194,-1.63649438504112,0.3718252867223,2.13159323986099,7.5348641946482,8.66069316071163,9.79662413312181
01/01/1982,-1.74454056133171,1.24360818211962,4.21306918146429,5.01684197019534,6.46437921900992,7.72068897180511,1203.55480461898,1205.49616690318,1207.36741275879,-2.03042619819281,-0.0501129343885645,1.6966192769556,7.55296443619394,8.67088364944419,9.73965988010682
01/04/1982,-1.85006350213684,1.26041223553056,4.12957487196232,5.06535436984145,6.52383228119448,7.7349502081776,1204.70231667256,1206.43154230107,1208.41481734265,-2.94286839622739,-0.868661781461513,0.767698529603548,7.64579645590262,8.65617256411982,9.67015003405735
01/07/1982,-1.75881357627703,1.13799835620851,4.31225427042036,5.00590783637866,6.51071937648051,7.60477797054557,1204.99914078058,1206.60893011978,1208.80926881611,-4.74283113209502,-2.65150658594271,-1.01316848891521,7.64375728666147,8.67643896860438,9.66857559481088
01/10/1982,-1.8425771490571,1.08638528303498,4.32288814050459,5.35912912948087,6.87849628371419,8.02458509571592,1204.67602293864,1206.39803625672,1208.53352584946,-6.99478689001098,-4.73505970281767,-3.11517024633126,7.75221633055157,8.67172508618268,9.53574952666217
01/01/1983,-1.7721826107471,1.11063656716805,4.26150702435973,5.35517686789309,6.86008971417567,7.93545654999651,1204.3830377769,1206.31339934258,1208.53389142175,-8.02002222602789,-5.7563513510334,-3.95216920783534,7.71105340085032,8.60162273545373,9.4640827583914
01/04/1983,-1.65459262577605,1.18757522125506,4.33616315551488,5.39293279187906,6.86530208580734,7.9823153082621,1205.19902169041,1207.14018985983,1209.46224868659,-7.85067902775122,-5.59521352282948,-3.66336130117604,7.68466335642503,8.56515818982805,9.37027314570975
01/07/1983,-1.69542728757777,1.23897196723295,4.36517627247164,5.43435216221004,6.82353675783128,7.98855188549297,1205.86909081431,1207.83237246492,1210.17052443253,-7.07774846172386,-4.74325687965495,-2.81144676030703,7.76528069000568,8.52056174207715,9.33766538057406
01/10/1983,-1.58839691603483,1.35770126892446,4.37794619925617,5.15551100065069,6.59581975125907,7.65715266434838,1207.0967738803,1208.81467867911,1210.96434658908,-5.84312469244124,-3.65842132741397,-1.94289149726766,7.78187399173309,8.48166054649682,9.22389131413783
01/01/1984,-1.52686292446865,1.37457906140209,4.44872574878156,5.15277671214617,6.55255624278467,7.58496924071559,1208.12968857335,1209.8165022665,1211.96025896313,-5.19224147105885,-3.08044006515908,-1.43652100438516,7.72035288966591,8.47311925054769,9.12118076718377
01/04/1984,-1.50681642395257,1.41585020287801,4.56934188451856,5.22048287733549,6.58936807833044,7.63903167209694,1209.38818030994,1210.93817772051,1213.05102882554,-4.71081587864544,-2.5305062823746,-1.0448344538241,7.78022431834666,8.44231632396967,9.02138148140214
01/07/1984,-1.47951401611673,1.41406668272343,4.58360553753279,5.22501325820233,6.59832849772405,7.63305463403994,1210.54160077259,1212.08522262332,1214.18800010888,-4.29442225525552,-2.20192800614808,-0.677282253807422,7.81254215201032,8.43668599942111,8.97579779968374
01/10/1984,-1.40951404208266,1.40958059601515,4.70804023820045,5.28750971209355,6.59072966501866,7.65213087990489,1211.19133346224,1212.72725094755,1214.83480871516,-4.12202991205024,-2.07080355993143,-0.621468039368438,7.94082191494264,8.43478528548555,8.91933647276955
01/01/1985,-1.31205347940167,1.4199664974227,4.56433965346896,5.38801701731288,6.67875445756081,7.67358734097716,1212.31884490187,1213.8670482861,1215.97029340922,-3.75380123869576,-1.79503588363286,-0.336105965357861,8.14725132415174,8.49754822588492,8.83012498305041
01/04/1985,-1.38526396174454,1.37630432542971,4.56217483875398,5.49537581049234,6.81323373391963,7.85530808393364,1213.24994230971,1214.88667206257,1216.75196575059,-3.25889638913542,-1.37076481138348,0.196447949106979,8.19109234760049,8.45255919718229,8.75050409858161
01/07/1985,-1.45757042194183,1.35255197946624,4.38806508482603,5.53853913041187,6.82578177805961,7.8966598891251,1214.47061546188,1215.99154427696,1217.85634802432,-2.66613362801791,-0.851945448333236,0.626428900671903,8.06992165859941,8.33693546385874,8.63042448636531
01/10/1985,-1.63899961664069,1.34843306092901,4.32961940070408,5.50292312666643,6.79112009868006,7.87803504948384,1215.21923496082,1216.65261235483,1218.48010605799,-2.53535998443596,-0.689705323447889,0.758938848452576,7.77432155968979,8.03444552962098,8.3244686187129
01/01/1986,-1.65568662504655,1.35564103015437,4.4042003223464,5.56198451037684,6.85479455575453,7.9274251074008,1215.66865916431,1217.12230309857,1218.90452256326,-2.79864543420636,-1.12189468737569,0.288244122783131,7.66582805689436,7.93308113147786,8.2007511265693
01/04/1986,-1.70235598450106,1.52365524021821,4.57856890620707,5.48804808894723,6.72094807570657,7.80027156738473,1216.32166749165,1217.73275906666,1219.52020223003,-3.56592634705619,-1.80992201661927,-0.404465342672297,7.71090276394114,7.98599540617337,8.23747862190167
01/07/1986,-1.64172451128046,1.55956826418824,4.52972448520546,5.58836856703095,6.85205512495454,7.96685223552569,1217.19304525758,1218.56697101525,1220.47073517864,-3.94320976369715,-2.19687291001236,-0.714333137855424,7.62969865569477,7.90992017193236,8.16781330536962
01/10/1986,-1.74871829572383,1.60460558551988,4.68866653161502,5.61615260358918,6.80589456257707,7.86701955255714,1217.92310116219,1219.40847803385,1221.27362039911,-4.26113794583361,-2.43378932272116,-1.06685065631619,7.5390262230128,7.82877001782029,8.09800132461652
01/01/1987,-1.57641794949792,1.75150447910082,4.8347942497977,5.50422761584806,6.70402950580382,7.78406377345402,1219.21770281581,1220.59169892124,1222.52477913706,-4.10990993582812,-2.28504329069114,-0.851324798574002,7.44147038269096,7.72650886409092,7.98532477192035
01/04/1987,-1.3558083073282,1.89817100380517,5.0219868632522,5.45325148864469,6.64099263565849,7.66951431470891,1220.48726407046,1221.86899374357,1223.70074375978,-3.71632663702517,-1.94274514989179,-0.601684385643514,7.40634479302779,7.67557303520046,7.96709162275117
01/07/1987,-1.29134851289374,1.91973846526716,5.02601569050714,5.4279506971426,6.58539831866181,7.65899432400306,1221.94558725953,1223.29600817924,1225.19746719225,-3.25756700194797,-1.35565375509166,-0.067599713996622,7.42629188834677,7.70044519669148,7.94702857579836
01/10/1987,-1.25422785224054,2.03652123178737,5.14455835886402,5.51489325677449,6.70798762904086,7.66453584570825,1223.46440023203,1224.7226568193,1226.57025340242,-2.48689200477661,-0.714929789253426,0.63446801468544,7.35457953520905,7.64158962634955,7.91459518602218
01/01/1988,-1.21351509798141,1.97916941457637,4.97166882361964,5.42837819568404,6.65535151386706,7.62668017681989,1224.62088913415,1225.91524198857,1227.65931031818,-2.14454053117256,-0.464823737593553,0.830304907961822,7.35536311210504,7.64326767111904,7.91370188316719
01/04/1988,-1.26351908868588,1.88588523493593,5.09731966771937,5.64960573401294,6.81701471438823,7.82407746122676,1225.46200421654,1226.74683357673,1228.42697173637,-2.04185369827969,-0.334001464187009,0.936323735357596,7.43172087412371,7.71789161946802,8.02877147816312
01/07/1988,-1.10242436697519,1.87956575338204,4.94355375595062,5.40095642598212,6.54127889141357,7.58618733629613,1226.2386184167,1227.61533544014,1229.17950336944,-1.52321978580492,0.0660318924105336,1.50592646074721,7.60619283436541,7.8777987473956,8.15306171315242
01/10/1988,-1.09483306420253,1.87165934072033,4.87266603553973,5.50523804683467,6.56447077605189,7.61688832115147,1227.35937866358,1228.70686026293,1230.19808539855,-1.05963165318415,0.456682531880219,1.84236566759827,7.75556735897985,8.02713339104051,8.31030396837379
01/01/1989,-1.19716096100509,1.88567357656533,4.91912599536526,5.51736962422606,6.61019037112925,7.62998858091836,1228.11517906456,1229.57644080004,1230.97233740975,-0.829663807514087,0.637730959843959,2.06302507543816,7.74963670104022,8.03818456368611,8.32723066939244
01/04/1989,-1.2360289181837,1.93278472410726,4.99415833977355,5.4322947980396,6.4345384996049,7.47182187664202,1229.23372901401,1230.73192548709,1232.15734262,-0.542045569571761,0.792227832970829,2.21494418418662,7.61523087622003,7.88728981054668,8.13969102815858
01/07/1989,-1.21033127395843,1.89312896787046,4.9117148962624,5.44615921186948,6.42254546062591,7.41343107614806,1230.39614854128,1231.81796819128,1233.24484825985,-0.618480153871453,0.757610494863672,2.18701086115519,7.34461102866251,7.61273076825678,7.89754741257261
01/10/1989,-1.22168368262546,1.95878021149123,4.87065354575448,5.3626770993604,6.37154586762085,7.28794188618535,1231.40716217971,1232.77283862894,1234.20054016359,-0.913591489598668,0.421803262621581,1.79431807812216,7.06433015170744,7.31807735430405,7.60405836205161
01/01/1990,-1.16031233884395,1.87996990327258,4.92035864837204,5.44046189163003,6.44333792069046,7.3874499512798,1232.75624512959,1234.07581325717,1235.49016209493,-1.46416558404801,-0.0775560942513108,1.28870643062274,6.7955932274074,7.06549837604781,7.36317535959946
01/04/1990,-1.31495226685275,1.80409542462695,4.93029254129095,5.45180194899811,6.44358511814711,7.41747485442743,1233.74616254366,1235.10184433346,1236.49207108749,-2.25505743828717,-0.841101111047349,0.45331883250144,6.43882481230194,6.70098565853145,6.97501006447244
01/07/1990,-1.48506066807462,1.74995901411846,4.89933691342999,5.5950331133863,6.62047407475113,7.58613814469103,1234.66087762463,1235.95676884019,1237.45910148594,-3.42138404383978,-1.83319534290024,-0.581305632356336,5.97214752112014,6.21643668280549,6.45761224678775
01/10/1990,-1.54110260897399,1.68261988267134,4.88016025228878,5.64626533426086,6.64671472050395,7.6434869798182,1235.29022225155,1236.63535823896,1238.35724432188,-4.55452193077632,-2.85731219152139,-1.556106588712,5.37891686261283,5.64908580326155,5.92221011505186
01/01/1991,-1.59726691864097,1.65740506691895,5.01607541677514,5.82993462444179,6.79815765096241,7.75522618600408,1235.7504067557,1237.08616858086,1238.72884723856,-5.4786847423924,-3.81168895674038,-2.56083226371458,5.00900219291873,5.2623202911963,5.55113552869668
01/04/1991,-1.61211391517145,1.63691274444906,4.93397458197732,5.9512357251133,7.00605515377112,8.01050873911913,1236.13466856246,1237.58397460023,1239.28004056094,-6.3338605293511,-4.53544378174653,-3.13571019388061,4.81716195547788,5.08962879560297,5.3582718869863
01/07/1991,-1.61047967732358,1.63135781580787,4.87761836116261,5.86609583863155,6.88027410795615,7.84681839733378,1236.40506910086,1237.94184004816,1239.76717940159,-6.63138128432377,-4.871806850265,-3.34258088119075,4.6202032963874,4.90597124730947,5.19445791314409
01/10/1991,-1.55630078118499,1.66259680040658,4.72575804366433,5.86959121400776,6.89733356755669,7.85926712530736,1236.73996976187,1238.31678429602,1240.2119708422,-6.95104212768934,-5.15496757278991,-3.57315967549126,4.51300102557849,4.78411682027431,5.06258208931144
01/01/1992,-1.50276220558969,1.68011847367707,4.86321791434058,5.85970019596519,6.85522644527216,7.71582699344317,1237.48469696294,1239.18782674727,1241.04400859203,-7.24662789067296,-5.30679021660057,-3.71637015556071,4.16303515554557,4.44696801325118,4.73678005934775
01/04/1992,-1.4131068681125,1.72806319367837,5.0243660921828,5.84609391255684,6.80848559996245,7.72339983262606,1238.13239267594,1239.80806043612,1241.65636619811,-7.42149543409571,-5.52494679315914,-3.92864058192422,3.88857658615647,4.17669064411579,4.45824473466917
01/07/1992,-1.28187107879206,1.77215096167565,5.07049868342599,5.83116895317355,6.81538422868489,7.68010517907959,1238.92509564591,1240.55084717585,1242.5292947108,-7.63687487206316,-5.62380481401707,-4.09158195032531,3.62621644531683,3.93003619079256,4.21193369795504
01/10/1992,-1.2925787973463,1.86389875810739,5.09583203013909,5.96948856125818,6.94679080486056,7.81916945436153,1240.00348087019,1241.62656622254,1243.6105536613,-7.19102232028546,-5.30037155305982,-3.6489421677755,3.48241264283232,3.80313078376426,4.10378734549777
01/01/1993,-1.20122585843401,1.91887098199734,5.20273279546794,5.95351636135107,6.94075936489602,7.75772233872112,1240.78816046629,1242.4965409337,1244.47964731409,-6.74845625856059,-4.8107215353557,-3.12794395338776,3.33988808410214,3.65140381997926,3.91366379475616
01/04/1993,-1.1605203869759,1.92102346474345,5.12228195198936,6.007032033896,6.95072712843948,7.78588000202098,1241.52205529553,1243.09533033098,1245.10643438856,-6.59105171231295,-4.65161443909526,-2.97000134280064,3.29192297621818,3.5817473756248,3.86010170085501
01/07/1993,-1.0922249859697,1.94759094797457,5.19851852923591,6.0222813080255,6.9961195153741,7.81457989737999,1242.07871411154,1243.67042848992,1245.74746648206,-6.62978291141995,-4.57533007172066,-2.9577511021764,3.23082308749243,3.53087209280926,3.82725805105465
01/10/1993,-0.879166858304877,2.02376393033227,5.29985377574741,6.0810322871406,7.03830592039373,7.86225558808938,1242.74511996584,1244.33544771384,1246.30949049245,-6.25545498321493,-4.30651989817133,-2.72076397151438,3.22232204857237,3.51263449215635,3.78675406538717
01/01/1994,-0.933251879615033,2.06419693204729,5.24321075432404,6.02162685134267,6.96019606835295,7.79019477532902,1243.60840312352,1245.16086957814,1247.07044802755,-5.40747618914788,-3.53466392592975,-1.97125228639425,3.23799877640709,3.4917927898942,3.77964763735693
01/04/1994,-0.968036722946039,2.08597425923404,5.28278581593598,5.99304610492697,6.91870482193628,7.69325157302084,1244.32174298383,1245.79787513695,1247.57199569983,-4.52227144147023,-2.69748363266462,-1.25145775106663,3.27506807972018,3.5571709749618,3.80295545433603
01/07/1994,-0.849660229741009,2.14879903437065,5.31638677167203,6.01184431996756,6.8961219787742,7.75661779869307,1245.18115699586,1246.70024547331,1248.38836424852,-3.86374697171014,-2.14486016668407,-0.655260899310003,3.30091468988425,3.60607631638331,3.87065521508799
01/10/1994,-0.673886436415589,2.18188477971461,5.13178211041762,5.97997213999179,6.87791525017451,7.66287574178472,1245.38750563717,1246.86915946967,1248.5925831491,-3.58948209047846,-1.88821045385054,-0.548855290538845,3.32200872670512,3.61500474569873,3.8651622461965
01/01/1995,-0.682346026375396,2.34008617080743,5.25997984062616,5.95545966279056,6.85006666928746,7.61602369058938,1245.96655842095,1247.31540045837,1249.01777413751,-3.50795229855316,-1.87246400117659,-0.517269210223714,3.28244795882327,3.57715447481703,3.84460441750135
01/04/1995,-0.520633537196524,2.54492194713998,5.42707619203795,5.85782559654259,6.75937837180483,7.50446025082688,1246.97371961549,1248.20889853267,1249.75442990447,-3.39811326465801,-1.88911487260163,-0.570868979922754,3.21419774393456,3.49670258020227,3.76750124277072
01/07/1995,-0.440227564168713,2.71168668731639,5.60782075338065,5.87851164870862,6.74540350698863,7.50535554734793,1248.09883298464,1249.37056881808,1250.89708372491,-3.37385283470022,-1.95641506214482,-0.754385523684098,3.08259510844377,3.35803360239151,3.62924564930812
01/10/1995,-0.374118201193732,2.93333246755262,5.92801407588374,5.87085024117364,6.75525596119132,7.47399629499732,1249.35303818489,1250.5481804656,1252.02999210828,-3.43812845396969,-2.01687845051758,-0.819264795897798,2.93280240274564,3.20154496264219,3.4620442362945
01/01/1996,-0.237139530670279,3.0111618052056,5.97405194006203,5.88015115580037,6.72279959134957,7.47900047650818,1250.48469873806,1251.60694768872,1252.97571941368,-3.44130376671086,-2.14357916134964,-1.06982552479547,2.82113663512552,3.1009920597752,3.33273457917499
01/04/1996,-0.0436544786601347,2.98556742747425,6.1850753231277,5.84607713502659,6.70334077419824,7.47338890195321,1251.17977804002,1252.29950937351,1253.66640915877,-3.83371205694747,-2.48882268489564,-1.3163884979788,2.74491293566997,3.01704056188777,3.30621690978722
01/07/1996,0.0943784779060097,3.097010095015,6.35021786444293,5.92098529568316,6.71261960535936,7.4544236999467,1252.28455706749,1253.42892907358,1254.84270795221,-3.86104238783444,-2.51663220326514,-1.40271787491743,2.68596499812582,2.96452302172688,3.23157395545475
01/10/1996,0.167697204613088,3.12665745187304,6.34743444722995,5.86836764395417,6.70592379797351,7.41630488407738,1253.25896581461,1254.49293462164,1255.86011755644,-3.8116129861245,-2.4725783227816,-1.33265734430263,2.65759362848019,2.93437337974481,3.22058309518185
01/01/1997,0.152846865319579,3.27159427527985,6.28495477831404,5.88145739877812,6.69307006990266,7.44994989741501,1254.26595385239,1255.4353889612,1256.82812724657,-3.67376285486797,-2.35226515035964,-1.26146464292367,2.62747005358855,2.90145688212492,3.18090712529183
01/04/1997,-0.0398456086938141,3.24274281554527,6.47272885957933,5.84161323334458,6.65422959456188,7.37919507377114,1255.45853209433,1256.54908013004,1257.89154944659,-3.29640759641706,-1.97909656458142,-0.868519598528569,2.49664530235328,2.80280772555909,3.07612744799902
01/07/1997,0.0240765278683603,3.25042806353866,6.38312330129165,5.86587716482354,6.66492773737517,7.38565999595496,1256.09131124753,1257.16235221385,1258.45575543066,-2.98098818680683,-1.75775125507172,-0.708976319130277,2.46366190832414,2.73376955450549,3.01228776885203
01/10/1997,0.0128460171054063,3.32673742006782,6.41157254594288,5.82892126473166,6.58477360479891,7.31430566286193,1257.2181422409,1258.27241249922,1259.50520475152,-2.53236838817905,-1.36960247907671,-0.306650658812422,2.49016707920385,2.76708044338439,3.01712705778836
01/01/1998,0.0262782455888271,3.30107159002125,6.44564443132574,5.83159170579838,6.53923053476516,7.31078422437549,1257.91516893479,1259.01000863817,1260.16345311159,-2.50691342298569,-1.35206488382774,-0.339052598455528,2.39620551601503,2.69461301815691,2.98649359207295
01/04/1998,-0.100476977525381,3.23440130951526,6.50104768084419,5.77118221799561,6.53245267386526,7.25817220211091,1258.97718924669,1259.90848764945,1261.04028693371,-2.39010096516864,-1.26203245281329,-0.332896906096838,2.33235377893216,2.63865712233296,2.91900410135192
01/07/1998,-0.0264487474797326,3.29090610264472,6.35389400163516,5.79292778609233,6.57102759549374,7.25631560321772,1260.00103861129,1260.9841146778,1262.14071087404,-2.2590446191397,-1.05255548948849,-0.153137648636092,2.25686959104176,2.56010042348426,2.86188973061053
01/10/1998,-0.138267049415646,3.23829864692124,6.37847953768027,5.75210647464757,6.48903803677602,7.1745322839601,1260.99675251387,1262.00651924343,1263.17926996999,-1.68660882246987,-0.542539315376196,0.401236285148782,2.272829270201,2.55319438413063,2.82216083533363
01/01/1999,-0.190734626867205,3.17850678268428,6.33343217070981,5.68731957659149,6.46738485679933,7.15014942309954,1261.84071683363,1262.8513202445,1264.00113846255,-1.26903185108704,-0.203478455963262,0.803145843249803,2.28580406046256,2.55002370374788,2.82339660992499
01/04/1999,-0.207286878370423,3.08739035749078,6.32145801669487,5.71231867119622,6.46383237399524,7.12684477057409,1262.43336390851,1263.41620178322,1264.50857551538,-1.27816531745762,-0.154261186326083,0.795627693324276,2.25358555268519,2.54508098491982,2.83373952205188
01/07/1999,-0.29498288921669,3.06728533678383,6.47598652482737,5.75695103938692,6.49475704956954,7.1520258759634,1263.19510282196,1264.1321874565,1265.24617239745,-1.20674652463506,-0.110390369205821,0.940486039998369,2.32111353087013,2.60204935615123,2.89277607876673
01/10/1999,-0.323018599204587,3.00328036808495,6.34500556550569,5.75099970949591,6.45963386925159,7.15078668555829,1264.18594672026,1265.16213145118,1266.23880038194,-0.838790157664129,0.242123882411196,1.18191529238307,2.27295303538645,2.56799952992608,2.83885953272094
01/01/2000,-0.366886724122783,2.97365949887192,6.26475387433348,5.81476972336727,6.50347366269737,7.19426087080357,1264.97635170815,1265.97528204427,1267.07345513019,-0.666449610756882,0.427209900430829,1.36718042329232,2.23447594011994,2.53232459357694,2.78182820211231
01/04/2000,-0.460862200824634,2.90944749855985,6.36540992712758,5.71535778392704,6.41927796873554,7.09941391819993,1265.77409198063,1266.74752040161,1267.74625129841,-0.44646458168601,0.526085861443308,1.45658591496917,2.18337352279045,2.47160707131504,2.76551602980207
01/07/2000,-0.373295610238708,2.90731963977533,6.24443404854396,5.61890689076591,6.30204166221939,6.95292162089896,1266.52724062549,1267.44785056408,1268.41448115036,-0.734815458177772,0.129958098549952,1.10461861710873,2.1789508409659,2.43929860575925,2.74910938255641
01/10/2000,-0.236037749230538,2.92496966172842,6.29461095538127,5.6078316187272,6.28570346972415,6.93736044568834,1267.01946989709,1267.97636601955,1268.968803972,-1.35949950502443,-0.492441391040425,0.523481132626578,2.18123985058919,2.4666070301438,2.75184446948721
01/01/2001,-0.496676337271589,3.00295781179027,6.16092365807267,5.63694518829399,6.26180430901361,6.88668341686251,1268.10670328427,1269.07588648257,1269.99260951935,-1.69775609319939,-0.848961296141135,0.159096095354492,2.21895141451499,2.5019608772267,2.75823713588295
01/04/2001,-0.448420106133585,3.04392843281283,6.1787702424759,5.69684734911801,6.34217311322546,6.94345640419075,1269.35650746919,1270.29059271746,1271.20337316319,-1.9456382906446,-1.02670960405701,-0.117106498848917,2.19784988645122,2.46128559565645,2.7253337655693
01/07/2001,-0.495989415832486,2.98216579308783,6.06129916254795,5.64401988223469,6.29767275761325,6.92173082471456,1270.1869455769,1271.07718971034,1272.00909643278,-1.84054949931164,-0.966524518056716,-0.128141605280241,2.19288441901812,2.46753743186129,2.72367851010937
01/10/2001,-0.50033128301248,2.89745808045122,6.00366734177285,5.67481926186433,6.3201122111149,6.92746801813308,1271.11137021574,1271.94947594688,1272.79010017365,-1.55220679226751,-0.687503142970729,0.19539109742489,2.21734999896505,2.49911894864486,2.77363774449832
01/01/2002,-0.692642715352851,2.86916215997869,5.88351017338483,5.62076431867304,6.2530956324474,6.85725908147333,1272.02356436164,1272.87791553576,1273.73601518135,-1.04313466551454,-0.146406081239134,0.630011331612611,2.2461557014395,2.50771796597171,2.78211506077043
01/04/2002,-0.663848926613616,2.79936131130769,5.96416217748934,5.55529948397756,6.21906520348196,6.83391224863195,1272.7217410436,1273.59927027239,1274.49088391737,-0.615289501076651,0.238987942301879,1.0577948986191,2.23942363896991,2.50426933529926,2.76340209367579
01/07/2002,-0.718696795946248,2.67025261079316,5.86669111074755,5.57625453728665,6.21407677202929,6.81273327596615,1273.40309901236,1274.29340166347,1275.18603500275,-0.551255571232361,0.351126603536933,1.21414909640948,2.2513588014487,2.52763122634611,2.79107219376509
01/10/2002,-0.890248463001039,2.53674238182276,5.63488901853741,5.58354668271458,6.19248062437657,6.78467278504686,1274.16277304525,1275.03397097768,1275.92577872943,-0.502391647024716,0.406495325401302,1.2111207225281,2.24808628588584,2.54569723986966,2.79671070958329
01/01/2003,-1.00097924146033,2.5399785651518,5.57111991989024,5.55298008465413,6.1730030446653,6.76529691071492,1274.83964327401,1275.66371399451,1276.63069929701,-0.647510282125928,0.270349256423271,1.06068696319232,2.18480373109403,2.51221649766109,2.80018962719283
01/04/2003,-0.981319979373194,2.52543388921677,5.42809057839594,5.52198014865111,6.1581961752986,6.7504782284182,1275.23646169378,1276.18389798089,1277.11808748918,-0.763897469653106,0.184519331398674,1.0250902668288,2.20173689713877,2.48572926553784,2.7619897302205
01/07/2003,-1.06227423072159,2.44809787778774,5.40675267498209,5.49732565890432,6.12705506437567,6.6964275924508,1276.00971663713,1276.99603243471,1277.89846307295,-0.451249965762302,0.422400807934001,1.25715353161746,2.22016881435123,2.51294562182296,2.77791546763905
01/10/2003,-1.10139529078743,2.3798456531715,5.50290980119541,5.48993602557189,6.09605065529541,6.67377866125917,1277.112114845,1278.01726225385,1278.87689797716,-0.0304599358217539,0.780635415197542,1.69482104474702,2.2377308622511,2.52297022392286,2.79675831114014
01/01/2004,-1.13320894006598,2.32383666070899,5.40605773354526,5.44069881154444,6.08252545455391,6.59552785850939,1277.97711184145,1278.87725234783,1279.74412567208,0.172017483467089,1.06532545609262,2.00799984728192,2.24185457326481,2.53908443854985,2.78201791284716
01/04/2004,-1.29788594738593,2.14500614607253,5.30080718817076,5.43036312745401,6.07318600701676,6.63220801085235,1278.5961689316,1279.64726324842,1280.5745513929,0.320147154981931,1.1945158251413,2.21041153201782,2.27219007726961,2.55086155648957,2.80319514054047
01/07/2004,-1.44556445970858,2.08399242428624,5.27382119254891,5.48127982477217,6.11172794830384,6.69375081259182,1279.08341346382,1280.09416117157,1280.95548615601,0.294200122538743,1.14811760165939,2.20624892226921,2.29852878864778,2.54791042275165,2.82690756180022
01/10/2004,-1.49587926424237,2.00926715020647,5.17794392163127,5.4004471346549,6.01170452425933,6.59957836610367,1279.67067286982,1280.73872519788,1281.7116655556,0.352837720029382,1.30348459480703,2.32257953003104,2.31183074968269,2.60224110914927,2.85960187512481
01/01/2005,-1.52120388220412,2.01537566043615,5.00024473413233,5.40655606538586,6.02716643952933,6.63161619616851,1280.45309078877,1281.52567842877,1282.47304742478,0.439446380243713,1.2879858908103,2.39297555105827,2.30764742576247,2.57466547916656,2.84470157981879
01/04/2005,-1.56323916733318,1.96878556822999,5.09316380341947,5.40120111066527,6.00881827751615,6.65700258187379,1281.40895417219,1282.50962200046,1283.46139793874,0.531320383376624,1.403314961387,2.49632443825707,2.30411183947504,2.57253335399326,2.8574061152049
01/07/2005,-1.65771225966026,1.96663551972822,5.1123278115785,5.3673780088686,5.97255675489114,6.63700646600044,1282.02760001359,1283.14383832128,1284.01117348255,0.486452500189126,1.29317902741022,2.39396892053965,2.32046087694395,2.59899894266845,2.87826813765059
01/10/2005,-1.87015690921454,1.88376860616132,5.2033333865886,5.37917114836845,5.98096704623062,6.67418377274241,1282.58417072567,1283.66848354676,1284.585660843,0.353936721727378,1.18230386940195,2.27174343214471,2.34227246555271,2.62078070634133,2.88912898114518
01/01/2006,-1.88109406422206,1.78068163905848,5.28217702052622,5.4060660052041,5.93664589969772,6.62651531381453,1283.21071989648,1284.27698221007,1285.21408845698,0.307817338661035,1.11675786063379,2.21938135453596,2.34369117140953,2.62718005004086,2.91692268753169
01/04/2006,-1.93265540964174,1.84651208922223,5.32854225181418,5.31009525170286,5.89418398147394,6.58569607328228,1283.93472177254,1285.05888417071,1285.9385229933,0.474272975615514,1.31817321325799,2.42807162771642,2.36840193764507,2.62546926272828,2.91837142423361
01/07/2006,-1.94387450648089,1.8628847296714,5.28031783482803,5.27448033067819,5.84316685705795,6.4878329326922,1284.84761623816,1286.04130414948,1286.93768433964,0.732234863087902,1.56341825997581,2.73352357632713,2.33735117315513,2.61726331584996,2.8730994836081
01/10/2006,-1.87583585050689,1.94084792950481,5.43016047135405,5.22132174103348,5.81578770197658,6.48334439306594,1286.00024496704,1287.25564404913,1288.11994444023,0.992231098897187,1.85616117926122,3.07833182601176,2.35951545753158,2.61256554615937,2.90640174131756
01/01/2007,-1.92058755566691,1.83364481473051,5.31729960343718,5.2760275366765,5.85295094047407,6.4898196007041,1286.98845585417,1288.21743415865,1289.11521470332,1.09964258729156,2.04319382858764,3.20352592180494,2.34409572588263,2.6670234420108,2.96576789095333
01/04/2007,-1.91768744018753,1.80407819508767,5.25457220160758,5.25287653381339,5.81198610826581,6.45193528050442,1287.70130639645,1288.88534305037,1289.86470008487,1.17090084969089,2.08772853625724,3.30512048473328,2.43748106651967,2.7233190250339,2.99622728690501
01/07/2007,-1.8918212032307,1.74229987472716,5.223156790945,5.22170392128531,5.81827708736855,6.42552057724757,1288.63326599777,1289.83104689688,1290.79073296712,1.21266942443364,2.09343502399153,3.2449915207152,2.44095693137607,2.74342428958736,3.03892098624312
01/10/2007,-2.07714741725127,1.70181048328618,5.32262583980471,5.28138189671335,5.85190368391264,6.51458042298767,1289.39478437956,1290.61018283419,1291.55039918875,1.11571778777776,1.98374706232339,3.21068140780891,2.48898989062174,2.78601505274973,3.05212005871685
01/01/2008,-2.1348523743776,1.57437348505071,5.30611559780333,5.17578796626042,5.7625409675527,6.47583146450906,1290.31431146207,1291.54866757371,1292.48421033746,1.05543377478009,1.97341821779482,3.24467438721179,2.45990911956951,2.76004748114246,3.05363323473977
01/04/2008,-2.25361399643502,1.62420911389403,5.09282200171091,5.18659363593495,5.79814374520553,6.49060755358476,1291.37762904005,1292.68830886799,1293.63158298957,0.892283286073852,1.85589685210392,3.14820770126556,2.46707822860346,2.74648820633911,3.04398465288574
01/07/2008,-2.10760051088406,1.6113966476916,4.95509412709243,5.11640046239335,5.73536532851,6.42491243996581,1292.39299782061,1293.56848289864,1294.67022455115,0.614176038767654,1.58538145329732,2.78561793319261,2.38366047581806,2.68641495047954,2.94396443725907
01/10/2008,-2.20936145148959,1.55667415560422,4.9023814616318,5.09377952467677,5.72701999582462,6.36148598291093,1292.99856557218,1294.20690684121,1295.25160294191,-0.273202154825613,0.773487942688482,1.95092078475103,2.32796252829266,2.58610366078465,2.85616242106386
01/01/2009,-2.3229767643309,1.4143173728186,4.72231863562329,5.22269114403623,5.87466515941553,6.52145913853477,1293.71895502648,1294.90321080508,1295.81626251714,-1.13171111960084,-0.209955995598931,0.962266040339073,2.33110300276691,2.60136791612366,2.88408611809642
01/04/2009,-2.16050714786163,1.38442685518278,4.71604337161291,5.24282757799476,5.86567402613592,6.53234536336435,1294.42250718427,1295.55921297862,1296.49255636454,-1.375464615578,-0.449945168156753,0.712798575973925,2.32156068248129,2.61738353629344,2.90742560303134
01/07/2009,-2.2580212803773,1.421917798872,4.7060799223457,5.1566720840033,5.77849649995095,6.43409180811602,1294.97994710866,1296.16542242398,1297.09399783926,-1.10003764997549,-0.199293721585916,0.890571474475731,2.37497065197261,2.6556430426511,2.92715693022902
01/10/2009,-2.18056431518436,1.31585331013087,4.91032469629874,5.06891597042673,5.71995591824692,6.37698058950543,1295.68248339534,1296.79590253714,1297.61822906675,-0.636091547565881,0.215465485359114,1.22059338526601,2.41786108933969,2.70428032011492,2.96494048803278
01/01/2010,-2.19677932351272,1.29547151510932,4.82185799906212,5.01157243542667,5.65686468993814,6.32145753738866,1296.37433275142,1297.46822178742,1298.32229308238,-0.287315361506147,0.539477030255244,1.65346420998453,2.44834233285391,2.70434891900967,3.00854308735993
01/04/2010,-2.21161638669666,1.33062899337846,4.78169136306735,5.01054858594991,5.63117930214581,6.33287234742819,1296.88965561444,1297.95133427455,1298.80459641073,-0.15099541164094,0.698514149330178,1.68258928537373,2.42043815641989,2.6886554356096,2.96409906854959
01/07/2010,-2.03617864813176,1.35159286043798,4.79807732233526,4.97149952048255,5.56793353307516,6.30584584034872,1297.20338732379,1298.38464056149,1299.31799513476,-0.35701014319319,0.546048599209927,1.73483531087936,2.44497178709708,2.73093792934329,2.98481145324815
01/10/2010,-1.91588476665898,1.39103398465597,4.83551818796418,4.93290436242071,5.54034948288871,6.26745698966592,1297.89448873019,1299.12139036231,1300.09163423074,-0.495466942768743,0.419977187019679,1.62883512301689,2.47757796620967,2.7376741977033,3.01425247939116
01/01/2011,-1.88340557126601,1.48836993728033,4.99597491540776,4.8294975878072,5.44707757950247,6.18019043629284,1298.5663345008,1299.72741460286,1300.75281808415,-0.650084850830929,0.267986084051551,1.47971704359319,2.47751638458056,2.75399444839866,3.02987228035191
01/04/2011,-1.88935002830206,1.54055017605682,5.06892776316687,4.77590278932748,5.39434097761274,6.12684705783797,1299.62822070878,1300.85462676731,1301.78121560737,-0.625496486102073,0.272670819076976,1.40486061685358,2.45662610658242,2.73242658261681,2.99617716586162
01/07/2011,-1.76951000524813,1.61522357236596,5.17856877310498,4.80647571984185,5.45877771324404,6.17247179888751,1300.96847346559,1302.12251679425,1303.04247541199,-0.529592892798805,0.375981113767932,1.4572617743458,2.41925154730544,2.69940996262711,2.97704989468344
01/10/2011,-1.76324107123604,1.64888944238487,5.26278309018248,4.78544850010094,5.4707821482694,6.15503363178057,1301.7904161893,1302.94535542083,1303.92871793511,-0.550016132704658,0.413828612093588,1.53860500456281,2.38955950958529,2.66734568269944,2.97743119572526
01/01/2012,-1.78588066410062,1.65833475663641,5.24254910758575,4.75219540460853,5.45805168035263,6.15921764995067,1302.84889742478,1304.03940379045,1304.90000544303,-0.424073392473217,0.466493983179232,1.60128939250793,2.36322737109677,2.63367456238654,2.92809704800936
01/04/2012,-1.83307589171561,1.6982954428737,5.30538860026693,4.74816934932788,5.45378643071397,6.13126416646867,1303.69461285797,1304.88151212247,1305.79074339222,-0.605063218465542,0.322511999908155,1.42923499314923,2.38189293077842,2.64044131441269,2.92461918625751
01/07/2012,-2.08265555520887,1.69511879751049,5.24149287096039,4.75429729544766,5.47013083402607,6.14870749530927,1304.70763305367,1305.76696383598,1306.69230857769,-0.856197162116009,0.0721140074528025,1.10079326892186,2.36565846900155,2.6424539114944,2.88663646554621
01/10/2012,-1.98830910008055,1.70674867971834,5.28202515413906,4.80098211259653,5.44787368671647,6.12091691758126,1305.64535563243,1306.65268676579,1307.49486889243,-0.909256994000065,-0.083666274068036,1.02680198309836,2.3508070261214,2.61219454553743,2.89199341953762
01/01/2013,-1.88166741272022,1.69081878806909,5.2894766812782,4.81508740407369,5.45138929478986,6.12034556815092,1306.29940707512,1307.33113553226,1308.26231635498,-1.31857188491178,-0.447418470862521,0.599699689606924,2.32524460135738,2.59296397266673,2.88823056203122
01/04/2013,-2.03174238833107,1.62999801035961,5.19283419455933,4.80153660178656,5.41856784920041,6.10548626625147,1307.1296497986,1308.12845131605,1309.02864416406,-1.49181584206483,-0.628758366429195,0.366097486225086,2.31796611237546,2.58857371328189,2.8584608781628
01/07/2013,-2.05341253550446,1.58049797703291,5.10251222372188,4.80359201550979,5.41671951553512,6.08164464379183,1307.9759709263,1308.97076149618,1309.9650353279,-1.60746892286081,-0.646647736926721,0.322836414226118,2.30619717643386,2.59651494154021,2.85146683216586
01/10/2013,-2.12795833290872,1.58239366517397,5.31960297687683,4.77684607170246,5.42072926430941,6.06122126278175,1308.61620149006,1309.73812041586,1310.71649579484,-1.66757462217376,-0.747357688298017,0.292585119838797,2.33499939859778,2.58133742746474,2.8602665959892
01/01/2014,-2.23085794562711,1.46198192553627,5.2573077918474,4.7907689405377,5.40757397404323,6.07215956229504,1309.55331462232,1310.52867444816,1311.55686818296,-1.7798275700998,-0.81023829434555,0.0869922522252172,2.25171716135271,2.57701316492909,2.80756790714526
01/04/2014,-2.14639767369131,1.39242943786998,5.01519876667514,4.77070116819534,5.37329840177004,6.0255246789813,1310.39948296282,1311.2955404205,1312.39039101053,-1.88255334118025,-0.873991623336877,0.0933447860036787,2.28465723018571,2.56741538069555,2.86946988400979
01/07/2014,-2.21769909968309,1.34054865522401,4.89975953918971,4.79352204386821,5.38775073758975,6.09989664331993,1310.80993811963,1311.89439688454,1312.90238859543,-2.06590610076636,-1.11371325858992,-0.160679256632023,2.27007493597638,2.55214612258643,2.81836883395188
01/10/2014,-2.25248757563224,1.25993109207283,4.95507089480962,4.79779860487462,5.37174698895969,6.08307267904959,1311.38236139366,1312.41551734745,1313.37051029036,-2.06619674509711,-1.16397950953154,-0.28568745558923,2.28480150406639,2.55472652615881,2.87625798464292
01/01/2015,-2.40959304163241,1.22723844855869,4.99551977335035,4.74539362980584,5.35021708160767,6.05029375768076,1312.14508747819,1313.11537979713,1314.06560644726,-1.99504964654921,-1.01218727547474,-0.0562554589004994,2.26561542444586,2.56131065840512,2.82503206265548
01/04/2015,-2.31354299273587,1.18970536974278,4.8762608087088,4.65798609174622,5.28666621200474,5.97012391094156,1312.66894682355,1313.64228800265,1314.64308918032,-1.93566052695073,-0.932160988923478,0.0923823185913166,2.25880098407482,2.53328086049492,2.81153842954273
01/07/2015,-2.39997555064492,1.15031571285044,4.94130997532988,4.67127566119061,5.32718722590369,6.00454031520253,1313.23254255061,1314.23397580111,1315.32133314112,-1.90993190979068,-0.853971378816644,0.0872462018439361,2.22220021375585,2.49485121776973,2.77221367988358
01/10/2015,-2.4792335841921,1.13580878502935,5.10938460531878,4.51584931999703,5.21492643149058,5.90190923089573,1313.8064358718,1314.85082343101,1315.89887126745,-1.71253972850968,-0.715324301953833,0.314962789005571,2.21297175488006,2.47323119154184,2.78134070672893
01/01/2016,-2.49584067888057,1.14545483937808,4.85146993030757,4.54278174379938,5.21113051582455,5.95313084133867,1314.33137813571,1315.43299505766,1316.46797387791,-1.65588779287164,-0.628864210771791,0.448766606107113,2.13541817518966,2.42296363708446,2.69628378339768
01/04/2016,-2.47444899024779,1.22762395236727,4.9146152477854,4.48657627740113,5.15095334780928,5.9238189996102,1314.84408258778,1315.96801772309,1316.9773162647,-1.71261218370912,-0.683256218336939,0.455444329750475,2.10757066298212,2.39766586044987,2.67019709829441
01/07/2016,-2.43364870336896,1.19735785387866,4.97829474492668,4.46938040900437,5.13423334247912,5.88437889793821,1315.15936320547,1316.28190503597,1317.33233763343,-1.81980746116153,-0.772632156169798,0.320323323799858,2.05829175775941,2.36135216839011,2.61599135830362
01/10/2016,-2.417609097704,1.14019969043338,4.98931003374294,4.49574897633675,5.15445055547973,5.96112158116668,1315.84034595023,1317.00242178633,1318.03321603829,-1.75898704033046,-0.73703978299987,0.336357004816222,2.09045658191187,2.37530258885745,2.61876816198506
01/01/2017,-2.4802759589572,1.11259816474999,5.10229528818845,4.53396815858299,5.20005623135777,5.97705095929211,1316.50921154296,1317.57590523755,1318.63493508567,-1.60155787494489,-0.627129356448863,0.451417372607704,2.10836310660882,2.3718763363352,2.66019835617368
01/04/2017,-2.42872632016202,1.06387092818592,4.98799306757238,4.48195648452622,5.15249668716791,5.94445643364015,1317.08176886565,1318.22441571214,1319.28757544779,-1.388517075086,-0.380354924968822,0.748128596443395,2.07903356727309,2.34389705839089,2.61907358095129
01/07/2017,-2.30082997849978,1.0609131666364,4.7539735336945,4.51601713142622,5.14295645579356,5.94846158081356,1317.87051240908,1318.91209949081,1319.96350986303,-1.33835575855821,-0.324692826387511,0.731519981510883,2.04377343815428,2.3295913070844,2.59868793930191
01/10/2017,-2.52775746750661,1.07323035301272,4.78900078092304,4.51089192890609,5.15914682308643,6.01043579157056,1318.39976512409,1319.50733523217,1320.47843911169,-1.33587325634417,-0.338769956368418,0.795128191428374,2.02790822504401,2.30520691686562,2.60958338686763
01/01/2018,-2.41376067703542,1.09163945636671,4.68293608980874,4.49203345329306,5.18526568565582,6.0166435037312,1319.12379166852,1320.18826420776,1321.23725514813,-1.27860559524309,-0.281527327961497,0.860988422116854,2.02103215321326,2.31193005263948,2.59773201710906
01/04/2018,-2.4284572946946,1.04160719492275,4.80843673734463,4.49725501990708,5.15313832511189,6.01070285115278,1319.69586188896,1320.87718994653,1321.89951120841,-1.02308731312413,0.068243301762554,1.17087812257573,2.00450668789954,2.2807157329877,2.55864076667458
01/07/2018,-2.43195365329216,0.954756910747549,4.55445971508905,4.44775270621809,5.10932381354492,6.01062482427842,1320.19021075839,1321.29825666829,1322.34657864677,-0.865098750866411,0.164964460266297,1.27575794281648,1.99426094324913,2.27939223889061,2.55057531740569
01/10/2018,-2.44386141863136,0.958571670058323,4.66427520983938,4.42426721590564,5.08152697392525,5.97776391590495,1320.59681389039,1321.79008586249,1322.79312377548,-0.849172830723181,0.114043737776237,1.24890068237454,1.98967920612648,2.2454164274758,2.52102106218648
01/01/2019,-2.47373672796079,0.90784569918468,4.62966571986715,4.40649525452969,5.09292159185744,5.97351407730228,1321.37211740537,1322.52485076802,1323.56558886595,-0.900140924975182,0.0705319566445401,1.15735135895396,1.8665412949871,2.17564149895328,2.43975377709654
01/04/2019,-2.59281706954549,0.977981536285254,4.54753675212518,4.47882324034862,5.13688207123797,5.97234178748396,1322.14175638112,1323.2712170341,1324.21040301569,-0.972159327782127,-0.00953805314220836,1.10426205479927,1.81565601568328,2.08486338626056,2.35556054082106
01/07/2019,-2.62353953126316,0.933846617509323,4.63503037197697,4.44915441021099,5.17933381022302,5.97390543899667,1322.72185116042,1323.82254520882,1324.90448761559,-0.949110500340626,0.0264188025510724,1.27292769382888,1.72795316267528,2.02577975903089,2.31654001559567
01/10/2019,-2.829655888806,0.849918568660266,4.61005105442204,4.41449356009767,5.14905014981595,5.96536819229767,1322.99985982845,1324.09652823673,1325.21918509162,-0.980987935837143,0.0548944988741364,1.26601877646143,1.71182078437175,2.00706973660783,2.31262518026779
01/01/2020,-2.88248985269588,0.705597141371258,4.37866078817975,4.41298348964389,5.15332141553073,5.99014292015893,1322.92402710744,1324.1770478197,1325.24788296542,-1.18553529832605,-0.135691718869246,1.06674676459204,1.66907994138976,1.95540855162406,2.20694099316031
01/04/2020,-2.94428513072212,0.702478982853599,4.62055475293969,4.41856530129675,5.17897486766429,6.01380996343391,1322.98160661573,1324.26319169868,1325.4532845673,-6.2612562573194,-3.27943394142251,-0.0747553274780997,1.56284003901728,1.82989278739524,2.10891592809025
01/07/2020,-2.91975815374781,0.635977595484208,4.40533650612017,4.39720384781277,5.15774403318697,5.97519823219089,1323.24692135286,1324.58537380905,1325.87236050788,-3.80739176359883,-1.83526644319541,0.359573376469366,1.50524765445658,1.77027151343483,2.06022702383459
01/10/2020,-3.21114402209225,0.586745509840769,4.32908255317181,4.40294009898803,5.16805665572315,6.02632346228984,1323.51319567159,1324.85929491043,1326.10839265233,-2.43820182967995,-0.594954434624916,1.19704720429079,1.53307517841158,1.82044084549274,2.10804806338325
01/01/2021,-3.21328821538694,0.705198164961706,4.38693474406134,4.36661945979106,5.14916038206778,6.0069505934266,1323.77440876913,1325.21612545305,1326.41784754128,-0.985350632936666,0.575067595363185,1.98962307332865,1.57724161408333,1.89047317952351,2.14835384111417
01/04/2021,-3.2003847592076,0.668615416337083,4.48137991363475,4.34676642924543,5.12528273490649,6.01942460572295,1324.01516587652,1325.49792231558,1326.72429635883,-0.0821707249588288,1.22714465385586,2.72558138215473,1.72337739315002,2.01443491129752,2.30636075869724
01/07/2021,-3.06130729364715,0.696600076750316,4.37273109698177,4.30766894256798,5.09752502915258,6.01695605159784,1324.26432068011,1325.79464739439,1327.00131960311,-0.476323500306176,1.10245449455841,2.69899968888863,1.85785581431708,2.14489727250117,2.45887897864533
01/10/2021,-3.06567519223162,0.667426508379203,4.62349286262643,4.31035963289751,5.1135763449707,6.00073782488871,1324.95175688433,1326.42944909231,1327.60008335072,0.679148613649847,1.8834356412642,3.34606619677267,2.03352901939657,2.32397540220916,2.59786397066011
01/01/2022,-3.18907774106467,0.729321547487282,4.6480872859175,4.33972797634796,5.15625619544148,6.02959230287559,1325.44621562486,1326.96401806326,1328.23482811796,0.953119395404814,2.1504992074629,3.53249975113139,2.20957087839277,2.48729039538904,2.75768185413409
01/04/2022,-3.22731871813066,0.716574008545262,4.83266898024224,4.37329468721285,5.13693846289636,6.00317651102521,1326.27111825647,1327.67815956809,1328.87668313476,1.14100361193526,2.32524128125829,3.79327688134086,2.26662261634987,2.56038216455703,2.85341200859123
01/07/2022,-3.12653487746664,0.72149813573779,4.72570914752459,4.37587690255702,5.13703603652657,5.97151914842964,1326.85995821586,1328.39932208118,1329.54492387325,1.21019048330801,2.35583233533015,3.90266984059498,2.34503520341624,2.61458264474375,2.87273188221984
01/10/2022,-3.20573766000867,0.77830378482587,4.68825082031394,4.35786235994643,5.16805708393387,6.04020281747925,1327.38479242406,1329.001618686,1330.11474904569,1.08359472994383,2.16882811790846,3.86020277105779,2.38032027611083,2.65891687160165,2.96012457627587
01/01/2023,-2.98627757043557,0.707465901638763,4.73434393642368,4.43655691779901,5.20847163394019,6.08369971565727,1328.11349254506,1329.68484346683,1330.79720776832,1.02385797595867,2.05383179375109,3.56156933297045,2.36843954967012,2.65938338584138,2.94546193059616
01/04/2023,-3.13668181969494,0.736191964919853,4.81410787998395,4.41343497091108,5.20947265300006,6.10656596650989,1328.83063394433,1330.43256741496,1331.54421589979,0.977482370579551,2.00098269085558,3.57826111292748,2.36135011407076,2.63270681637755,2.91275885609243
01/07/2023,-3.27927989278253,0.776256532786782,5.01934392057256,4.38852690929931,5.21323514256329,6.08853771076792,1329.33189402341,1330.91173357746,1332.05536144925,0.682831353372683,1.81603261042463,3.32520138625771,2.36701526978435,2.65051518317561,2.91912264930801
01/10/2023,-3.24550042292745,0.757525169349915,4.99088873170734,4.44065250157088,5.27220976075133,6.13775241289585,1330.00815923354,1331.44840869045,1332.55304068664,0.465726301412562,1.52541535322288,2.95819487644666,2.34375908431826,2.64245475040376,2.90217610127775
01/01/2024,-3.30339993321082,0.697838599153777,4.95251157266031,4.44109802791029,5.26092110026637,6.08452987959135,1330.46583231572,1331.80217719534,1332.96704512257,0.385914129699415,1.48322960537901,2.8202334667643,2.34085726779623,2.61323645887569,2.87315286592184
01/04/2024,-3.26350564449032,0.701157048368468,4.70153018287407,4.44816193161703,5.28486754862337,6.08637088845916,1330.75126798743,1332.14998984216,1333.38307411274,0.219586817013069,1.36699708935128,2.75279589839102,2.27557702897168,2.56761981174574,2.85960195688541
01/07/2024,-3.24473248025989,0.732464305780098,4.73201650589438,4.43200597799207,5.254131599489,6.10221433049909,1331.05225973456,1332.45495375806,1333.62523865765,0.0814998501733319,1.23734451745019,2.63136790139986,2.25445560785862,2.54647591054564,2.80731026785099
01/10/2024,-3.34767319336775,0.797644226820703,4.70473430814477,4.36516467159143,5.19596416318355,6.06469544033265,1331.40205520868,1332.79262068206,1333.95303867415,0.0444247568946977,1.21682313929214,2.64009298298509,2.16899884201105,2.43953581199718,2.73162867529816
01/01/2025,-3.10586537150492,0.788627324969027,4.94258115798182,4.37125326478634,5.1832786724607,6.05590617206218,1331.79825101601,1333.27598157765,1334.55900405843,-0.153073824361417,1.06873146110541,2.4713841476856,2.15967490404455,2.44857167985287,2.74937582139414
01/04/2025,-3.15804296015973,0.870014652420482,5.08715087490256,4.37949659817144,5.18287545169179,6.08836592308041,1332.52065819609,1333.94992189744,1335.2711501621,-0.212081255317423,1.04274588348457,2.49100326375924,2.21873730552093,2.48439128021719,2.78388291136114
01/07/2025,-3.1526184238508,0.967087598502328,4.98089874593812,4.41173732898168,5.22088582743225,6.10113214182407,1333.04023006409,1334.54495987443,1335.74322528406,-0.219657448713074,1.01263043773168,2.40904255223833,2.19226798219169,2.51988873128982,2.817401822797
01/10/2025,-3.08610471803649,0.953135772092001,5.13703607459961,4.33157248341225,5.18679209289963,6.080638440397,1333.59885236385,1335.08259959757,1336.37783257917,-0.143717099493433,1.12157339607817,2.66402161230528,2.14393185108283,2.49259077797456,2.8048873762453
